1 25 24
2 31 32
3 37 42
4 46 47
5 53 46
6 54 31
7 63 23
8 76 11
9 83 7
10 98 6
11 121 2
12 152 2
13 181 2
14 205 2
15 243 2
16 278 2
17 312 3
18 352 3
19 409 5
20 453 6
21 495 6
22 548 5
23 600 6
24 686 9
25 758 11
26 830 15
27 867 19
28 860 17
29 864 22
30 860 26
31 820 29
32 787 38
33 687 47
34 592 63
35 526 70
36 477 73
37 430 78
38 381 83
39 320 95
40 273 93
41 238 96
42 225 90
43 196 83
44 178 77
45 155 80
46 139 57
47 128 51
48 119 43
49 127 49
50 122 44
51 118 31
52 123 24
53 135 24
54 152 18
55 161 15
56 184 17
57 211 18
58 231 25
59 248 29
60 251 33
61 269 37
62 276 33
63 312 33
64 334 31
65 338 45
66 359 55
67 370 45
68 381 49
69 417 49
70 427 60
71 439 76
72 423 79
73 413 90
74 402 101
75 383 121
76 353 135
77 336 151
78 284 170
79 252 192
80 227 195
81 187 201
82 170 222
83 133 243
84 111 278
85 85 281
86 92 262
87 84 225
88 73 222
89 63 224
90 57 208
91 53 182
92 55 152
93 49 132
94 49 114
95 51 108
96 56 92
97 66 85
98 73 82
99 81 69
100 97 64
101 118 59
102 136 63
103 151 46
104 168 32
105 193 32
106 211 39
107 240 43
108 267 47
109 303 58
110 338 67
111 380 81
112 393 98
113 414 103
114 427 118
115 452 127
116 479 156
117 485 179
118 474 213
119 448 244
120 431 294
121 381 345
122 322 396
123 292 449
124 241 491
125 221 547
126 188 595
127 127 640
128 93 650
129 68 640
130 40 626
131 22 568
132 12 534
133 6 481
134 6 390
135 4 355
136 5 312
137 5 264
138 3 216
139 3 188
140 4 174
141 4 137
142 4 121
143 4 89
144 5 71
145 6 60
146 6 49
147 5 41
148 5 29
149 6 13
150 6 13
151 7 15
152 8 13
153 8 12
154 8 10
155 10 7
156 11 8
157 14 10
158 17 13
159 23 11
160 27 15
161 33 9
162 40 8
163 50 4
164 62 6
165 74 6
166 85 8
167 96 6
168 109 6
169 122 8
170 148 10
171 165 9
172 201 9
173 242 13
174 284 13
175 326 16
176 373 19
177 428 23
178 486 31
179 547 35
180 616 39
181 681 47
182 722 58
183 765 69
184 817 89
185 864 112
186 889 143
187 921 170
188 931 204
189 889 248
190 864 299
191 837 344
192 851 405
193 823 477
194 820 557
195 833 636
196 860 698
197 865 725
198 848 784
199 848 809
200 805 869
201 713 861
202 630 853
203 541 850
204 457 884
205 335 939
206 246 944
207 170 957
208 98 991
209 57 1015
210 25 1039
211 6 1074
212 4 1100
213 1 1046
214 1 999
215 0 907
216 0 821
217 0 744
218 0 625
219 0 576
220 0 454
221 0 392
222 0 332
223 0 287
224 0 267
225 0 212
226 0 180
227 0 177
228 0 133
229 0 105
230 0 84
231 0 71
232 0 48
233 0 45
234 0 32
235 0 20
236 0 14
237 0 12
238 0 10
239 0 8
240 0 9
241 0 12
242 0 7
243 0 5
244 0 3
245 0 2
246 0 0
